Total number of datapoints: 1056
256 out of 784 columns dropped due to their zero contribution to distinguishing datapoints
Min: 0.0 | Max: 1.0
528
9
{0: [0, 258, 374, 33, 227, 496, 153, 325, 464, 391, 64, 487, 437, 272, 519, 142, 184, 148, 356, 159, 253, 198, 462, 331, 224, 269, 444, 40, 141, 103, 228, 467, 470, 90, 3, 86, 151, 97, 313, 492, 205, 362, 389, 400, 474, 385, 509, 6, 523, 16, 161, 31, 402, 162, 506, 218], 1: [1, 347, 447, 144, 352, 190, 232, 130, 183, 185, 105, 178, 182, 229, 508, 521, 38, 212, 231, 270, 41, 281, 133, 489, 455, 26, 76, 310, 322, 361, 469, 216, 222, 346, 303, 66, 387, 81, 72, 524, 213, 429, 436, 468, 9, 292, 294, 10, 307, 463, 34, 321, 290, 74, 382, 61, 350, 83, 457, 372, 500, 317, 104, 328, 340, 367, 406, 431, 247, 458, 513, 95, 132, 250, 365, 459, 316, 163, 233, 421, 259, 15, 295, 329, 478, 433, 118, 302, 308, 134, 209, 47, 155, 344, 306, 289, 8, 342, 499, 14, 152, 116, 129, 475, 128, 243, 265, 35, 427, 448, 220, 377, 368, 512, 126, 238, 490, 503, 287, 273, 486, 12, 167, 70, 195, 54, 378, 67, 371, 193, 351, 484, 245, 305, 334, 156, 288, 403, 456, 19, 354, 414, 87, 301, 92, 267, 320, 24, 96, 174, 410, 177, 42, 93, 419, 268, 438, 428, 505, 44, 136, 56, 164, 215, 392, 99, 170, 283, 495, 279, 527, 375, 526, 502, 409, 442, 522, 51, 386, 59, 200, 78, 343, 525, 158, 110, 380, 217, 277, 203, 249, 309, 480, 411, 336, 507, 359, 445], 2: [2, 98, 107, 22, 324, 5, 187, 293, 383, 139, 360, 420, 36, 236, 454, 349, 37, 393, 52], 4: [4, 49, 65, 234, 271, 332, 369, 449, 91, 206, 300, 239, 485, 149, 157, 408, 491, 179, 191, 20, 53, 196, 143, 45, 124, 226, 511, 114, 286, 125, 388, 318, 140, 401, 180, 43, 101, 435, 225, 298, 266, 405, 55, 280, 396, 297, 348, 407, 440, 146, 312, 240, 381, 446, 514, 412, 251, 471, 85, 304, 230, 214, 113, 398, 461, 264, 488, 497], 7: [7, 25, 71, 483, 223, 465, 109, 296, 390, 147, 314, 441, 172, 154, 204, 211, 168, 432, 333, 353, 291, 466, 379, 417, 493, 18, 311, 137, 120, 138, 479, 210, 395, 274, 430, 122, 345, 498, 32, 423, 207, 100, 50, 189, 252, 364, 515, 58, 62, 319, 416, 323, 326, 160, 477, 173, 516, 106, 366, 171, 494, 399, 27, 165, 262, 77, 219, 284, 278, 135, 337, 504, 518, 176, 275, 451, 472, 175, 520, 235, 260, 394], 11: [11, 150, 339, 244, 341, 452, 28, 299, 397, 82, 112, 202, 30, 181, 111, 338, 450, 257, 355, 46, 276, 242, 434, 357, 476, 13, 517, 21, 73, 84, 39, 221, 425, 80, 373, 123, 285, 201, 237, 246, 415, 23, 510, 68, 443, 127, 108, 115, 254, 370, 453, 166, 192, 413, 75, 241, 481, 426, 119, 145, 199, 17, 60, 121, 263, 29, 282, 94, 255, 404, 48, 482, 208, 384, 188, 424, 501, 186, 102, 197, 89], 57: [57, 460, 248, 63, 69, 88, 473, 117, 261, 169, 327, 358, 315, 335, 376, 418], 79: [79, 439], 131: [131, 194, 256, 422, 330, 363]}

8
{0: [0, 258, 374, 33, 227, 496, 153, 325, 464, 391, 64, 487, 437, 272, 519, 142, 184, 148, 356, 159, 253, 198, 462, 331, 224, 269, 444, 40, 141, 103, 228, 467, 470, 90, 3, 86, 151, 97, 313, 492, 205, 362, 389, 400, 474, 385, 509, 6, 523, 16, 161, 31, 402, 162, 506, 218], 1: [1, 347, 447, 144, 352, 190, 232, 130, 183, 185, 105, 178, 182, 229, 508, 521, 38, 212, 231, 270, 41, 281, 133, 489, 455, 26, 76, 310, 322, 361, 469, 216, 222, 346, 303, 66, 387, 81, 72, 524, 213, 429, 436, 468, 9, 292, 294, 10, 307, 463, 34, 321, 290, 74, 382, 61, 350, 83, 457, 372, 500, 317, 104, 328, 340, 367, 406, 431, 247, 458, 513, 95, 132, 250, 365, 459, 316, 163, 233, 421, 259, 15, 295, 329, 478, 433, 118, 302, 308, 134, 209, 47, 155, 344, 306, 289, 8, 342, 499, 14, 152, 116, 129, 475, 128, 243, 265, 35, 427, 448, 220, 377, 368, 512, 126, 238, 490, 503, 287, 273, 486, 12, 167, 70, 195, 54, 378, 67, 371, 193, 351, 484, 245, 305, 334, 156, 288, 403, 456, 19, 354, 414, 87, 301, 92, 267, 320, 24, 96, 174, 410, 177, 42, 93, 419, 268, 438, 428, 505, 44, 136, 56, 164, 215, 392, 99, 170, 283, 495, 279, 527, 375, 526, 502, 409, 442, 522, 51, 386, 59, 200, 78, 343, 525, 158, 110, 380, 217, 277, 203, 249, 309, 480, 411, 336, 507, 359, 445], 2: [2, 98, 107, 22, 324, 5, 187, 293, 383, 139, 360, 420, 36, 236, 454, 349, 37, 393, 52, 7, 25, 71, 483, 223, 465, 109, 296, 390, 147, 314, 441, 172, 154, 204, 211, 168, 432, 333, 353, 291, 466, 379, 417, 493, 18, 311, 137, 120, 138, 479, 210, 395, 274, 430, 122, 345, 498, 32, 423, 207, 100, 50, 189, 252, 364, 515, 58, 62, 319, 416, 323, 326, 160, 477, 173, 516, 106, 366, 171, 494, 399, 27, 165, 262, 77, 219, 284, 278, 135, 337, 504, 518, 176, 275, 451, 472, 175, 520, 235, 260, 394], 4: [4, 49, 65, 234, 271, 332, 369, 449, 91, 206, 300, 239, 485, 149, 157, 408, 491, 179, 191, 20, 53, 196, 143, 45, 124, 226, 511, 114, 286, 125, 388, 318, 140, 401, 180, 43, 101, 435, 225, 298, 266, 405, 55, 280, 396, 297, 348, 407, 440, 146, 312, 240, 381, 446, 514, 412, 251, 471, 85, 304, 230, 214, 113, 398, 461, 264, 488, 497], 11: [11, 150, 339, 244, 341, 452, 28, 299, 397, 82, 112, 202, 30, 181, 111, 338, 450, 257, 355, 46, 276, 242, 434, 357, 476, 13, 517, 21, 73, 84, 39, 221, 425, 80, 373, 123, 285, 201, 237, 246, 415, 23, 510, 68, 443, 127, 108, 115, 254, 370, 453, 166, 192, 413, 75, 241, 481, 426, 119, 145, 199, 17, 60, 121, 263, 29, 282, 94, 255, 404, 48, 482, 208, 384, 188, 424, 501, 186, 102, 197, 89], 57: [57, 460, 248, 63, 69, 88, 473, 117, 261, 169, 327, 358, 315, 335, 376, 418], 79: [79, 439], 131: [131, 194, 256, 422, 330, 363]}

7
{0: [0, 258, 374, 33, 227, 496, 153, 325, 464, 391, 64, 487, 437, 272, 519, 142, 184, 148, 356, 159, 253, 198, 462, 331, 224, 269, 444, 40, 141, 103, 228, 467, 470, 90, 3, 86, 151, 97, 313, 492, 205, 362, 389, 400, 474, 385, 509, 6, 523, 16, 161, 31, 402, 162, 506, 218], 1: [1, 347, 447, 144, 352, 190, 232, 130, 183, 185, 105, 178, 182, 229, 508, 521, 38, 212, 231, 270, 41, 281, 133, 489, 455, 26, 76, 310, 322, 361, 469, 216, 222, 346, 303, 66, 387, 81, 72, 524, 213, 429, 436, 468, 9, 292, 294, 10, 307, 463, 34, 321, 290, 74, 382, 61, 350, 83, 457, 372, 500, 317, 104, 328, 340, 367, 406, 431, 247, 458, 513, 95, 132, 250, 365, 459, 316, 163, 233, 421, 259, 15, 295, 329, 478, 433, 118, 302, 308, 134, 209, 47, 155, 344, 306, 289, 8, 342, 499, 14, 152, 116, 129, 475, 128, 243, 265, 35, 427, 448, 220, 377, 368, 512, 126, 238, 490, 503, 287, 273, 486, 12, 167, 70, 195, 54, 378, 67, 371, 193, 351, 484, 245, 305, 334, 156, 288, 403, 456, 19, 354, 414, 87, 301, 92, 267, 320, 24, 96, 174, 410, 177, 42, 93, 419, 268, 438, 428, 505, 44, 136, 56, 164, 215, 392, 99, 170, 283, 495, 279, 527, 375, 526, 502, 409, 442, 522, 51, 386, 59, 200, 78, 343, 525, 158, 110, 380, 217, 277, 203, 249, 309, 480, 411, 336, 507, 359, 445, 11, 150, 339, 244, 341, 452, 28, 299, 397, 82, 112, 202, 30, 181, 111, 338, 450, 257, 355, 46, 276, 242, 434, 357, 476, 13, 517, 21, 73, 84, 39, 221, 425, 80, 373, 123, 285, 201, 237, 246, 415, 23, 510, 68, 443, 127, 108, 115, 254, 370, 453, 166, 192, 413, 75, 241, 481, 426, 119, 145, 199, 17, 60, 121, 263, 29, 282, 94, 255, 404, 48, 482, 208, 384, 188, 424, 501, 186, 102, 197, 89], 2: [2, 98, 107, 22, 324, 5, 187, 293, 383, 139, 360, 420, 36, 236, 454, 349, 37, 393, 52, 7, 25, 71, 483, 223, 465, 109, 296, 390, 147, 314, 441, 172, 154, 204, 211, 168, 432, 333, 353, 291, 466, 379, 417, 493, 18, 311, 137, 120, 138, 479, 210, 395, 274, 430, 122, 345, 498, 32, 423, 207, 100, 50, 189, 252, 364, 515, 58, 62, 319, 416, 323, 326, 160, 477, 173, 516, 106, 366, 171, 494, 399, 27, 165, 262, 77, 219, 284, 278, 135, 337, 504, 518, 176, 275, 451, 472, 175, 520, 235, 260, 394], 4: [4, 49, 65, 234, 271, 332, 369, 449, 91, 206, 300, 239, 485, 149, 157, 408, 491, 179, 191, 20, 53, 196, 143, 45, 124, 226, 511, 114, 286, 125, 388, 318, 140, 401, 180, 43, 101, 435, 225, 298, 266, 405, 55, 280, 396, 297, 348, 407, 440, 146, 312, 240, 381, 446, 514, 412, 251, 471, 85, 304, 230, 214, 113, 398, 461, 264, 488, 497], 57: [57, 460, 248, 63, 69, 88, 473, 117, 261, 169, 327, 358, 315, 335, 376, 418], 79: [79, 439], 131: [131, 194, 256, 422, 330, 363]}

6
{0: [0, 258, 374, 33, 227, 496, 153, 325, 464, 391, 64, 487, 437, 272, 519, 142, 184, 148, 356, 159, 253, 198, 462, 331, 224, 269, 444, 40, 141, 103, 228, 467, 470, 90, 3, 86, 151, 97, 313, 492, 205, 362, 389, 400, 474, 385, 509, 6, 523, 16, 161, 31, 402, 162, 506, 218], 1: [1, 347, 447, 144, 352, 190, 232, 130, 183, 185, 105, 178, 182, 229, 508, 521, 38, 212, 231, 270, 41, 281, 133, 489, 455, 26, 76, 310, 322, 361, 469, 216, 222, 346, 303, 66, 387, 81, 72, 524, 213, 429, 436, 468, 9, 292, 294, 10, 307, 463, 34, 321, 290, 74, 382, 61, 350, 83, 457, 372, 500, 317, 104, 328, 340, 367, 406, 431, 247, 458, 513, 95, 132, 250, 365, 459, 316, 163, 233, 421, 259, 15, 295, 329, 478, 433, 118, 302, 308, 134, 209, 47, 155, 344, 306, 289, 8, 342, 499, 14, 152, 116, 129, 475, 128, 243, 265, 35, 427, 448, 220, 377, 368, 512, 126, 238, 490, 503, 287, 273, 486, 12, 167, 70, 195, 54, 378, 67, 371, 193, 351, 484, 245, 305, 334, 156, 288, 403, 456, 19, 354, 414, 87, 301, 92, 267, 320, 24, 96, 174, 410, 177, 42, 93, 419, 268, 438, 428, 505, 44, 136, 56, 164, 215, 392, 99, 170, 283, 495, 279, 527, 375, 526, 502, 409, 442, 522, 51, 386, 59, 200, 78, 343, 525, 158, 110, 380, 217, 277, 203, 249, 309, 480, 411, 336, 507, 359, 445, 11, 150, 339, 244, 341, 452, 28, 299, 397, 82, 112, 202, 30, 181, 111, 338, 450, 257, 355, 46, 276, 242, 434, 357, 476, 13, 517, 21, 73, 84, 39, 221, 425, 80, 373, 123, 285, 201, 237, 246, 415, 23, 510, 68, 443, 127, 108, 115, 254, 370, 453, 166, 192, 413, 75, 241, 481, 426, 119, 145, 199, 17, 60, 121, 263, 29, 282, 94, 255, 404, 48, 482, 208, 384, 188, 424, 501, 186, 102, 197, 89], 2: [2, 98, 107, 22, 324, 5, 187, 293, 383, 139, 360, 420, 36, 236, 454, 349, 37, 393, 52, 7, 25, 71, 483, 223, 465, 109, 296, 390, 147, 314, 441, 172, 154, 204, 211, 168, 432, 333, 353, 291, 466, 379, 417, 493, 18, 311, 137, 120, 138, 479, 210, 395, 274, 430, 122, 345, 498, 32, 423, 207, 100, 50, 189, 252, 364, 515, 58, 62, 319, 416, 323, 326, 160, 477, 173, 516, 106, 366, 171, 494, 399, 27, 165, 262, 77, 219, 284, 278, 135, 337, 504, 518, 176, 275, 451, 472, 175, 520, 235, 260, 394, 4, 49, 65, 234, 271, 332, 369, 449, 91, 206, 300, 239, 485, 149, 157, 408, 491, 179, 191, 20, 53, 196, 143, 45, 124, 226, 511, 114, 286, 125, 388, 318, 140, 401, 180, 43, 101, 435, 225, 298, 266, 405, 55, 280, 396, 297, 348, 407, 440, 146, 312, 240, 381, 446, 514, 412, 251, 471, 85, 304, 230, 214, 113, 398, 461, 264, 488, 497], 57: [57, 460, 248, 63, 69, 88, 473, 117, 261, 169, 327, 358, 315, 335, 376, 418], 79: [79, 439], 131: [131, 194, 256, 422, 330, 363]}

[1.3820789786172696, 1.4452403827123772, 1.4798142120770172, 1.5743571951195499, 1.6041469188212245, 1.6336946363172744, 1.6688336531359154, 1.6927372754098264, 1.712679717010832, 1.7890435219365728, 1.8043861240578665, 1.8312088116871064, 1.8366217831394744, 1.8432540823665027, 1.8555941184421312, 1.8873504016122409, 1.915885967030898, 1.9182764897122753, 1.918981888731557, 1.9305552286723706, 1.9440541093798709, 1.9606588118462078, 1.9902067215574568, 2.0234534298451337, 2.0264988293824957, 2.0387555974385916, 2.0663094622237197, 2.1278404261295703, 2.133448678739168, 2.1656185904392586, 2.166197308534666, 2.1824965262667098, 2.2025220661217104, 2.2143567247174314, 2.21486017764827, 2.2337008611058344, 2.237137203544427, 2.2454054406442894, 2.270401939604258, 2.276783862479596, 2.2799057005926793, 2.298631396756795, 2.3035903104163493, 2.3230486887305024, 2.350102876159795, 2.3553843919905657, 2.356428790790715, 2.357107449473037, 2.3597026940576984, 2.371262010578332, 2.3790383070846826, 2.389918609849118, 2.3942517418763205, 2.409780784631511, 2.428245937298773, 2.444200797829302, 2.4514634696627775, 2.4600084715408306, 2.47289654063673, 2.47883777864001, 2.4848545554067165, 2.4934701556146814, 2.4985285813391087, 2.500389833253228, 2.5016288809327065, 2.5062750593057106, 2.513116684126123, 2.5251095809507733, 2.5295820231361232, 2.5377670176625355, 2.555963415591091, 2.568462800701677, 2.593426171600319, 2.5968366114969648, 2.5982338198508597, 2.6034904203783813, 2.6107959006783634, 2.6140277817221738, 2.6185832349206795, 2.622336261644408, 2.6288290287131537, 2.636347252689164, 2.6417433822782765, 2.6440942130033007, 2.654705015590914, 2.664708057973228, 2.682401690635535, 2.6938636587707796, 2.7202658327296305, 2.7234044887161595, 2.723949349890885, 2.72484972735281, 2.7402899263930447, 2.7413335756074413, 2.7550101301998042, 2.779988355660999, 2.7928452767335465, 2.7949837138805997, 2.7969610665349585, 2.8231780982130936, 2.829245316649266, 2.8501280320440143, 2.8608884934385523, 2.864012642329154, 2.8652420040779036, 2.8747933593761164, 2.888192041226275, 2.9085854689138055, 2.908722949624961, 2.9277707740330428, 2.933833976719935, 2.9420809427426655, 2.9774753521026347, 2.9906711327995588, 3.002395592224503, 3.003929271629597, 3.0192335120791935, 3.024462617582971, 3.0340652405569557, 3.0504082324918307, 3.06044704296189, 3.0725458912025037, 3.1112228835314624, 3.1122335602128226, 3.1202899365954266, 3.123976820526638, 3.129841727027554, 3.1359899509600244, 3.139925341211279, 3.1427941644562094, 3.1440221327052904, 3.1638821064847398, 3.178314651469954, 3.2244643502676436, 3.2322315016824565, 3.2651669187927355, 3.276127344038624, 3.2781030134436357, 3.2899834013337865, 3.295016229469831, 3.296553720287763, 3.3085143094267377, 3.3258301089713065, 3.340847380994335, 3.3516406439670146, 3.3600887278830522, 3.4052856925550317, 3.4121568497707084, 3.418463122192875, 3.4337874031199362, 3.4384085200124, 3.439893065718592, 3.444378739708347, 3.448316717115162, 3.450646155370859, 3.452435113563606, 3.4652312921897943, 3.471170914102348, 3.490555183015165, 3.521140640217602, 3.5221996053115667, 3.522629649687422, 3.525701786880026, 3.5665324593153174, 3.5733625201445816, 3.585688598078034, 3.589079534225555, 3.5921975552936334, 3.6177868380142413, 3.630248007796768, 3.6478283291954376, 3.6593236922182855, 3.6756208379699187, 3.6842735617151203, 3.702338819837825, 3.7091779242937433, 3.742506032757025, 3.7493969853355344, 3.7499342644413787, 3.790812276278899, 3.799263377525792, 3.8036183595624995, 3.812028976726878, 3.8201070704566815, 3.825308811806656, 3.8325183584317153, 3.8330700598079623, 3.859016822914469, 3.8650794473380286, 3.8708623814569756, 3.873310924130331, 3.8846616367402933, 3.901887876474373, 3.9032395536204483, 3.9050456157281395, 3.924608642166324, 3.9331828029158147, 3.9878439072178034, 3.9880984141774305, 3.98925316701378, 4.012590726621954, 4.039573585371677, 4.040873451654181, 4.042730251978304, 4.044937888961922, 4.045331366728033, 4.056975974150211, 4.0726448495915895, 4.075208006028435, 4.076560645674385, 4.099266181702421, 4.101355269979289, 4.112450505227186, 4.142550291164114, 4.147701712516765, 4.157656258138616, 4.182760654147408, 4.201753560192367, 4.202362905543849, 4.207768227617676, 4.225449712292207, 4.265731248189053, 4.266949615445045, 4.267493820063023, 4.274101459091992, 4.28909548155648, 4.290900405333584, 4.304801852880781, 4.30532337529517, 4.31281096112151, 4.314299459361716, 4.330161219843609, 4.335797391037678, 4.338883860297164, 4.347145072608772, 4.374212312908492, 4.392673295731143, 4.393971997380302, 4.413901012920144, 4.420754255997601, 4.438391121718186, 4.445016319371487, 4.452892401931799, 4.478996227913342, 4.482569087240296, 4.492471396127151, 4.498808456576894, 4.501692633097301, 4.511457493427434, 4.5309835295719125, 4.5418029586008055, 4.545674918583533, 4.548378955542018, 4.568383424551501, 4.570131895285948, 4.570498656726131, 4.578676167798066, 4.580083279121236, 4.598080635662577, 4.62689263905621, 4.628916363478057, 4.631666432031453, 4.6324449822947384, 4.662896848455521, 4.684359295134424, 4.6859972243826125, 4.686989858953954, 4.687629655695276, 4.687685427209758, 4.698852623471424, 4.704004549823125, 4.705712449874336, 4.713588480730466, 4.722081617674177, 4.732711121823275, 4.743867938644381, 4.749895504386681, 4.752137078234744, 4.75337152246579, 4.7812397977350996, 4.798795216256468, 4.803815941444051, 4.821207796663103, 4.839136256559034, 4.846286198614454, 4.858250619485533, 4.860649500087691, 4.878168154603611, 4.897001416618329, 4.898415992294593, 4.900820276187842, 4.911230464928891, 4.9185491978475095, 4.928260446618975, 4.952767320505305, 4.960092980363639, 4.9653068091427475, 4.988053413085654, 4.991793354236911, 5.021586649075535, 5.027712524311154, 5.0372957417322395, 5.0452287451588145, 5.04626350803719, 5.067619685990765, 5.071813412150832, 5.080677851384823, 5.093541017685336, 5.124848084956136, 5.141128622635221, 5.1701893069551055, 5.170321669957279, 5.180421898395586, 5.187738792337758, 5.198022599252017, 5.206844941034544, 5.2095747702789135, 5.210582817571771, 5.237975388350727, 5.2482178847346885, 5.255517982632916, 5.258915670602779, 5.26401463422452, 5.272073207826751, 5.272200094084543, 5.292894594908234, 5.299396069783583, 5.301321189064355, 5.317339053485822, 5.323462622376101, 5.326064844264747, 5.330398571043764, 5.340602046376175, 5.348019026300062, 5.3494623703576565, 5.3501623514731556, 5.367802407984107, 5.380515072526553, 5.381669672045471, 5.404920381384179, 5.4218661175941705, 5.436683207642123, 5.437725437012563, 5.4457190238967375, 5.482845229545738, 5.492447731930891, 5.496690857261927, 5.5011333761798795, 5.552075674395571, 5.5559591025194415, 5.576771201875321, 5.58730505853318, 5.601593972795803, 5.629416896347188, 5.639097092613253, 5.647039763203242, 5.651764115123467, 5.658591189157233, 5.6629501649970475, 5.666320659119621, 5.670228879568828, 5.6756506807695315, 5.678883643019457, 5.692406457156966, 5.754622402953172, 5.80478400084901, 5.826562901493761, 5.828953725446235, 5.841472351595092, 5.867290560326715, 5.8930960724154, 5.980240440096951, 5.9873826099405285, 5.991694906691621, 6.0080607489102755, 6.019635957535315, 6.026279768105719, 6.0415121925898445, 6.04464748339333, 6.052149400224214, 6.0698320110574135, 6.076184309278224, 6.0857451316404125, 6.106548527225801, 6.1205059077611175, 6.123413603641327, 6.125286861813607, 6.135732463084964, 6.141418155412158, 6.15291244253434, 6.1569701538544725, 6.193239638404423, 6.197319366826609, 6.20128102538427, 6.231083819368688, 6.236927902969848, 6.264795197415474, 6.2649768468104545, 6.297933005392979, 6.309979394397832, 6.314479327786566, 6.3351348312669495, 6.342001026087978, 6.34574394928969, 6.35703936046527, 6.470150931159049, 6.475012171137793, 6.475078703813004, 6.491049058103539, 6.497601388255996, 6.501676976368204, 6.529049062089399, 6.530702378438837, 6.540220705843597, 6.561979685798513, 6.592040254412303, 6.601903446272118, 6.629431215366168, 6.636696203615301, 6.701115155441023, 6.71824341437262, 6.725677717101231, 6.742574787747316, 6.750182763223062, 6.768056020577775, 6.7704971204952935, 6.80100522774436, 6.820709368924697, 6.861792659344624, 6.871501461682309, 6.875500779720321, 6.882300453075198, 6.912028104733263, 6.921418684290147, 6.922928285334497, 6.974993525529398, 6.997718095581929, 7.028545081542622, 7.058967353762674, 7.121541669601569, 7.157756609995832, 7.1633610327685995, 7.215153448471838, 7.264269552027301, 7.354962382143555, 7.361744283739484, 7.375334282152906, 7.378444695144887, 7.419426497717695, 7.424188185645576, 7.43096385521403, 7.508786115380215, 7.534662200841313, 7.547558838989268, 7.581050502644926, 7.626038525288073, 7.6303225828869055, 7.635065548654896, 7.668995219175648, 7.68120384464539, 7.714563814964722, 7.74560736674025, 7.755468876391348, 7.786005659938797, 7.799080203290752, 7.802364648744115, 7.908860943597316, 7.925606626213171, 7.9447689927592515, 7.980335341936493, 7.9829345358581785, 7.996168867259906, 8.012354009578369, 8.030170926414716, 8.0574151264204, 8.075592522309412, 8.079281326774344, 8.129393863991078, 8.144788391649715, 8.149250807850747, 8.393639270239838, 8.443432357888142, 8.500671012644462, 8.501624376759843, 8.519557114236457, 8.543591557964216, 8.58015737050797, 8.718598755311891, 8.749086422284178, 8.793252654384991, 8.817605882872435, 8.844748381226633, 8.861418464001819, 8.898422926150332, 8.924419262433018, 8.955581805077436, 8.968075314809376, 9.011271568704228, 9.036897351924855, 9.075685881091799, 9.088042215870745, 9.15244888303094, 9.193705979211666, 9.269227073906542, 9.801118856699743, 9.835437207194603, 9.875003534572533, 9.905096027654851, 9.924053814053588, 9.976686441091076, 10.072948109369662, 10.137330813031138, 10.270852531681872, 10.273543622086988, 10.497037920300881, 10.606365783350686, 11.23017853937298, 11.234559096305457, 11.25221942426825, 11.380103010119392, 11.581949157278062, 11.919377395476447, 12.152140799891171]
[ 1.38207898  1.44524038  1.47981421  1.5743572   1.60414692  1.63369464
  1.66883365  1.69273728  1.71267972  1.78904352  1.80438612  1.83120881
  1.83662178  1.84325408  1.85559412  1.8873504   1.91588597  1.91827649
  1.91898189  1.93055523  1.94405411  1.96065881  1.99020672  2.02345343
  2.02649883  2.0387556   2.06630946  2.12784043  2.13344868  2.16561859
  2.16619731  2.18249653  2.20252207  2.21435672  2.21486018  2.23370086
  2.2371372   2.24540544  2.27040194  2.27678386  2.2799057   2.2986314
  2.30359031  2.32304869  2.35010288  2.35538439  2.35642879  2.35710745
  2.35970269  2.37126201  2.37903831  2.38991861  2.39425174  2.40978078
  2.42824594  2.4442008   2.45146347  2.46000847  2.47289654  2.47883778
  2.48485456  2.49347016  2.49852858  2.50038983  2.50162888  2.50627506
  2.51311668  2.52510958  2.52958202  2.53776702  2.55596342  2.5684628
  2.59342617  2.59683661  2.59823382  2.60349042  2.6107959   2.61402778
  2.61858323  2.62233626  2.62882903  2.63634725  2.64174338  2.64409421
  2.65470502  2.66470806  2.68240169  2.69386366  2.72026583  2.72340449
  2.72394935  2.72484973  2.74028993  2.74133358  2.75501013  2.77998836
  2.79284528  2.79498371  2.79696107  2.8231781   2.82924532  2.85012803
  2.86088849  2.86401264  2.865242    2.87479336  2.88819204  2.90858547
  2.90872295  2.92777077  2.93383398  2.94208094  2.97747535  2.99067113
  3.00239559  3.00392927  3.01923351  3.02446262  3.03406524  3.05040823
  3.06044704  3.07254589  3.11122288  3.11223356  3.12028994  3.12397682
  3.12984173  3.13598995  3.13992534  3.14279416  3.14402213  3.16388211
  3.17831465  3.22446435  3.2322315   3.26516692  3.27612734  3.27810301
  3.2899834   3.29501623  3.29655372  3.30851431  3.32583011  3.34084738
  3.35164064  3.36008873  3.40528569  3.41215685  3.41846312  3.4337874
  3.43840852  3.43989307  3.44437874  3.44831672  3.45064616  3.45243511
  3.46523129  3.47117091  3.49055518  3.52114064  3.52219961  3.52262965
  3.52570179  3.56653246  3.57336252  3.5856886   3.58907953  3.59219756
  3.61778684  3.63024801  3.64782833  3.65932369  3.67562084  3.68427356
  3.70233882  3.70917792  3.74250603  3.74939699  3.74993426  3.79081228
  3.79926338  3.80361836  3.81202898  3.82010707  3.82530881  3.83251836
  3.83307006  3.85901682  3.86507945  3.87086238  3.87331092  3.88466164
  3.90188788  3.90323955  3.90504562  3.92460864  3.9331828   3.98784391
  3.98809841  3.98925317  4.01259073  4.03957359  4.04087345  4.04273025
  4.04493789  4.04533137  4.05697597  4.07264485  4.07520801  4.07656065
  4.09926618  4.10135527  4.11245051  4.14255029  4.14770171  4.15765626
  4.18276065  4.20175356  4.20236291  4.20776823  4.22544971  4.26573125
  4.26694962  4.26749382  4.27410146  4.28909548  4.29090041  4.30480185
  4.30532338  4.31281096  4.31429946  4.33016122  4.33579739  4.33888386
  4.34714507  4.37421231  4.3926733   4.393972    4.41390101  4.42075426
  4.43839112  4.44501632  4.4528924   4.47899623  4.48256909  4.4924714
  4.49880846  4.50169263  4.51145749  4.53098353  4.54180296  4.54567492
  4.54837896  4.56838342  4.5701319   4.57049866  4.57867617  4.58008328
  4.59808064  4.62689264  4.62891636  4.63166643  4.63244498  4.66289685
  4.6843593   4.68599722  4.68698986  4.68762966  4.68768543  4.69885262
  4.70400455  4.70571245  4.71358848  4.72208162  4.73271112  4.74386794
  4.7498955   4.75213708  4.75337152  4.7812398   4.79879522  4.80381594
  4.8212078   4.83913626  4.8462862   4.85825062  4.8606495   4.87816815
  4.89700142  4.89841599  4.90082028  4.91123046  4.9185492   4.92826045
  4.95276732  4.96009298  4.96530681  4.98805341  4.99179335  5.02158665
  5.02771252  5.03729574  5.04522875  5.04626351  5.06761969  5.07181341
  5.08067785  5.09354102  5.12484808  5.14112862  5.17018931  5.17032167
  5.1804219   5.18773879  5.1980226   5.20684494  5.20957477  5.21058282
  5.23797539  5.24821788  5.25551798  5.25891567  5.26401463  5.27207321
  5.27220009  5.29289459  5.29939607  5.30132119  5.31733905  5.32346262
  5.32606484  5.33039857  5.34060205  5.34801903  5.34946237  5.35016235
  5.36780241  5.38051507  5.38166967  5.40492038  5.42186612  5.43668321
  5.43772544  5.44571902  5.48284523  5.49244773  5.49669086  5.50113338
  5.55207567  5.5559591   5.5767712   5.58730506  5.60159397  5.6294169
  5.63909709  5.64703976  5.65176412  5.65859119  5.66295016  5.66632066
  5.67022888  5.67565068  5.67888364  5.69240646  5.7546224   5.804784
  5.8265629   5.82895373  5.84147235  5.86729056  5.89309607  5.98024044
  5.98738261  5.99169491  6.00806075  6.01963596  6.02627977  6.04151219
  6.04464748  6.0521494   6.06983201  6.07618431  6.08574513  6.10654853
  6.12050591  6.1234136   6.12528686  6.13573246  6.14141816  6.15291244
  6.15697015  6.19323964  6.19731937  6.20128103  6.23108382  6.2369279
  6.2647952   6.26497685  6.29793301  6.30997939  6.31447933  6.33513483
  6.34200103  6.34574395  6.35703936  6.47015093  6.47501217  6.4750787
  6.49104906  6.49760139  6.50167698  6.52904906  6.53070238  6.54022071
  6.56197969  6.59204025  6.60190345  6.62943122  6.6366962   6.70111516
  6.71824341  6.72567772  6.74257479  6.75018276  6.76805602  6.77049712
  6.80100523  6.82070937  6.86179266  6.87150146  6.87550078  6.88230045
  6.9120281   6.92141868  6.92292829  6.97499353  6.9977181   7.02854508
  7.05896735  7.12154167  7.15775661  7.16336103  7.21515345  7.26426955
  7.35496238  7.36174428  7.37533428  7.3784447   7.4194265   7.42418819
  7.43096386  7.50878612  7.5346622   7.54755884  7.5810505   7.62603853
  7.63032258  7.63506555  7.66899522  7.68120384  7.71456381  7.74560737
  7.75546888  7.78600566  7.7990802   7.80236465  7.90886094  7.92560663
  7.94476899  7.98033534  7.98293454  7.99616887  8.01235401  8.03017093
  8.05741513  8.07559252  8.07928133  8.12939386  8.14478839  8.14925081
  8.39363927  8.44343236  8.50067101  8.50162438  8.51955711  8.54359156
  8.58015737  8.71859876  8.74908642  8.79325265  8.81760588  8.84474838
  8.86141846  8.89842293  8.92441926  8.95558181  8.96807531  9.01127157
  9.03689735  9.07568588  9.08804222  9.15244888  9.19370598  9.26922707
  9.80111886  9.83543721  9.87500353  9.90509603  9.92405381  9.97668644
 10.07294811 10.13733081 10.27085253 10.27354362 10.49703792 10.60636578
 11.23017854 11.2345591  11.25221942 11.38010301 11.58194916 11.9193774
 12.1521408  12.17213717 12.48015423 12.68185399 13.27867579]

[[174, 410], [338, 450], [370, 453], [375, 526], [54, 378], [212, 231], [104, 328], [170, 283], [48, 482], [220, 377], [129, 475], [178, 182], [39, 221], [246, 415], [351, 484], [115, 254], [116, 129], [26, 76], [67, 371], [23, 510], [305, 334], [257, 355], [14, 152], [307, 463], [12, 167], [13, 517], [80, 373], [51, 386], [34, 321], [66, 387], [54, 67], [30, 181], [228, 467], [17, 60], [372, 500], [347, 447], [150, 339], [123, 285], [38, 212], [61, 350], [126, 238], [59, 200], [56, 164], [73, 84], [302, 308], [342, 499], [13, 21], [255, 404], [403, 456], [310, 322], [78, 343], [508, 521], [68, 443], [424, 501], [268, 438], [427, 448], [74, 382], [274, 430], [145, 199], [99, 170], [83, 457], [249, 309], [70, 195], [166, 192], [273, 486], [156, 288], [279, 527], [115, 370], [244, 341], [361, 469], [442, 522], [367, 406], [28, 299], [183, 185], [111, 338], [14, 116], [46, 276], [82, 112], [267, 320], [220, 368], [121, 263], [41, 281], [210, 395], [1, 347], [244, 452], [48, 208], [93, 419], [193, 351], [229, 508], [104, 340], [134, 209], [222, 346], [245, 305], [42, 93], [144, 352], [29, 282], [39, 425], [99, 495], [354, 414], [357, 476], [8, 342], [174, 177], [268, 428], [54, 193], [220, 512], [213, 429], [41, 133], [10, 307], [490, 503], [87, 301], [13, 73], [329, 478], [68, 127], [375, 502], [190, 232], [409, 442], [83, 372], [168, 432], [9, 292], [105, 178], [66, 81], [34, 290], [12, 70], [35, 427], [126, 490], [310, 361], [111, 257], [92, 267], [242, 434], [156, 403], [44, 136], [243, 265], [166, 413], [48, 384], [51, 59], [80, 123], [119, 145], [1, 144], [47, 155], [38, 270], [14, 128], [108, 115], [78, 525], [15, 295], [150, 244], [237, 246], [233, 421], [26, 310], [296, 390], [329, 433], [96, 174], [130, 183], [94, 255], [160, 477], [189, 252], [213, 436], [23, 68], [201, 237], [102, 197], [104, 367], [86, 151], [30, 111], [44, 56], [34, 74], [75, 241], [46, 242], [20, 53], [222, 303], [8, 14], [13, 39], [268, 505], [213, 468], [66, 72], [19, 354], [250, 365], [118, 302], [54, 245], [83, 317], [41, 489], [203, 249], [28, 397], [215, 392], [153, 325], [55, 280], [1, 190], [105, 229], [168, 333], [48, 188], [122, 345], [108, 166], [398, 461], [314, 441], [61, 83], [99, 279], [106, 366], [319, 416], [11, 150], [13, 80], [446, 514], [110, 380], [75, 481], [125, 388], [160, 173], [38, 41], [48, 424], [313, 492], [12, 54], [332, 369], [8, 243], [35, 220], [71, 483], [104, 431], [109, 296], [228, 470], [10, 34], [240, 381], [43, 101], [26, 216], [154, 204], [28, 82], [66, 524], [29, 94], [7, 25], [375, 409], [203, 480], [118, 134], [24, 96], [458, 513], [30, 46], [114, 286], [17, 121], [146, 312], [42, 268], [234, 271], [12, 156], [13, 201], [5, 187], [23, 108], [165, 262], [223, 465], [153, 464], [78, 158], [189, 364], [47, 344], [210, 274], [87, 92], [126, 287], [1, 130], [149, 157], [171, 494], [15, 329], [29, 48], [122, 498], [51, 78], [291, 466], [147, 314], [75, 426], [32, 423], [9, 294], [26, 222], [335, 376], [407, 440], [99, 375], [20, 196], [217, 277], [250, 459], [135, 337], [95, 132], [27, 165], [203, 411], [61, 104], [189, 515], [126, 273], [33, 227], [8, 35], [417, 493], [20, 143], [71, 223], [62, 319], [251, 471], [140, 401], [159, 253], [269, 444], [97, 313], [153, 391], [504, 518], [142, 184], [148, 356], [28, 202], [332, 449], [13, 23], [47, 306], [120, 138], [258, 374], [1, 105], [32, 207], [44, 215], [168, 353], [139, 360], [240, 446], [297, 348], [45, 124], [19, 87], [66, 213], [110, 217], [37, 393], [22, 324], [323, 326], [291, 379], [206, 300], [125, 318], [226, 511], [198, 462], [24, 42], [154, 211], [275, 451], [408, 491], [250, 316], [5, 293], [38, 455], [6, 523], [362, 389], [11, 28], [12, 19], [55, 396], [43, 435], [219, 284], [50, 189], [88, 473], [233, 259], [75, 119], [65, 234], [9, 10], [120, 479], [98, 107], [225, 298], [175, 520], [385, 509], [64, 487], [103, 228], [62, 323], [18, 311], [206, 239], [30, 357], [109, 147], [160, 516], [139, 420], [26, 66], [33, 496], [36, 236], [297, 407], [29, 186], [240, 412], [335, 418], [8, 126], [4, 49], [169, 327], [44, 99], [17, 29], [1, 38], [179, 191], [260, 394], [85, 304], [135, 504], [131, 194], [224, 269], [27, 77], [146, 240], [120, 210], [140, 180], [149, 408], [163, 233], [117, 261], [9, 61], [154, 168], [272, 519], [225, 266], [13, 75], [142, 148], [235, 260], [50, 58], [400, 474], [51, 110], [15, 118], [97, 205], [18, 137], [32, 100], [11, 30], [114, 125], [64, 437], [488, 497], [7, 71], [198, 331], [69, 88], [95, 250], [36, 454], [65, 332], [43, 225], [12, 24], [113, 398], [91, 206], [162, 506], [3, 86], [120, 122], [5, 383], [109, 172], [15, 47], [146, 251], [40, 141], [27, 219], [106, 171], [12, 44], [1, 26], [16, 161], [36, 349], [247, 458], [291, 417], [31, 402], [55, 297], [45, 226], [2, 98], [162, 218], [17, 102], [203, 336], [11, 13], [43, 405], [0, 258], [85, 230], [256, 422], [142, 159], [62, 160], [33, 153], [135, 176], [275, 472], [57, 460], [7, 109], [315, 335], [6, 16], [9, 247], [97, 362], [20, 45], [114, 140], [12, 51], [32, 50], [198, 224], [27, 278], [149, 179], [37, 52], [40, 103], [95, 163], [7, 154], [106, 399], [117, 169], [20, 114], [43, 55], [0, 33], [65, 91], [5, 139], [175, 235], [1, 9], [8, 12], [97, 400], [117, 358], [4, 65], [85, 214], [43, 146], [18, 120], [15, 289], [31, 162], [64, 272], [203, 507], [131, 256], [113, 264], [57, 248], [7, 291], [359, 445], [63, 69], [142, 198], [135, 275], [11, 17], [32, 62], [0, 64], [5, 36], [1, 95], [3, 97], [4, 485], [6, 31], [2, 22], [113, 488], [5, 37], [4, 149], [135, 175], [20, 43], [40, 90], [8, 203], [57, 63], [1, 15], [0, 142], [32, 106], [79, 439], [7, 18], [117, 315], [131, 330], [3, 385], [27, 135], [57, 117], [20, 85], [2, 5], [1, 8], [7, 32], [0, 40], [11, 89], [4, 20], [7, 27], [4, 113], [3, 6], [1, 359], [0, 3], [131, 363], [2, 7], [1, 11], [2, 4], [79, 131]]
[[ 174  410]
 [ 338  450]
 [ 370  453]
 ...
 [1033 1050]
 [1045 1051]
 [1052 1053]]
